Plate with hole, uniaxial tension
2 1125 1 1
1 0 0 0.707106769 0.707106769
2 0 0 5.000000000 5.000000000
3 1 1 -5.000000000 5.000000000
4 0 0 -0.707106769 0.707106769
5 0 0 1.000000000 0.000000000
6 0 0 0.707106769 -0.707106769
7 0 0 5.000000000 -5.000000000
8 1 1 -5.000000000 -5.000000000
9 0 0 -0.707106769 -0.707106769
10 0 0 0.777817488 0.777817488
11 0 0 0.853698134 0.853698134
12 0 0 0.935126722 0.935126722
13 0 0 1.022508980 1.022508980
14 0 0 1.116280200 1.116280200
15 0 0 1.216907380 1.216907380
16 0 0 1.324891810 1.324891810
17 0 0 1.440771580 1.440771580
18 0 0 1.565123800 1.565123800
19 0 0 1.698567990 1.698567990
20 0 0 1.841768860 1.841768860
21 0 0 1.995439770 1.995439770
22 0 0 2.160346270 2.160346270
23 0 0 2.337309840 2.337309840
24 0 0 2.527211900 2.527211900
25 0 0 2.730998750 2.730998750
26 0 0 2.949685340 2.949685340
27 0 0 3.184360980 3.184360980
28 0 0 3.436194900 3.436194900
29 0 0 3.706441640 3.706441640
30 0 0 3.996447090 3.996447090
31 0 0 4.307656290 4.307656290
32 0 0 4.641619210 4.641619210
33 0 0 4.090909000 5.000000000
34 0 0 3.181818250 5.000000000
35 0 0 2.272727250 5.000000000
36 0 0 1.363636370 5.000000000
37 0 0 0.454545468 5.000000000
38 0 0 -0.454545468 5.000000000
39 0 0 -1.363636370 5.000000000
40 0 0 -2.272727250 5.000000000
41 0 0 -3.181818250 5.000000000
42 0 0 -4.090909000 5.000000000
43 0 0 -4.641619210 4.641619210
44 0 0 -4.307656290 4.307656290
45 0 0 -3.996447090 3.996447090
46 0 0 -3.706441640 3.706441640
47 0 0 -3.436194900 3.436194900
48 0 0 -3.184360980 3.184360980
49 0 0 -2.949685340 2.949685340
50 0 0 -2.730998750 2.730998750
51 0 0 -2.527211900 2.527211900
52 0 0 -2.337309840 2.337309840
53 0 0 -2.160346270 2.160346270
54 0 0 -1.995439770 1.995439770
55 0 0 -1.841768860 1.841768860
56 0 0 -1.698567990 1.698567990
57 0 0 -1.565123800 1.565123800
58 0 0 -1.440771580 1.440771580
59 0 0 -1.324891810 1.324891810
60 0 0 -1.216907380 1.216907380
61 0 0 -1.116280200 1.116280200
62 0 0 -1.022508980 1.022508980
63 0 0 -0.935126722 0.935126722
64 0 0 -0.853698134 0.853698134
65 0 0 -0.777817488 0.777817488
66 0 0 -0.599277675 0.800541222
67 0 0 -0.479249001 0.877678990
68 0 0 -0.349464178 0.936949730
69 0 0 -0.212565288 0.977146864
70 0 0 -0.071339183 0.997452140
71 0 0 0.071339183 0.997452140
72 0 0 0.212565288 0.977146864
73 0 0 0.349464178 0.936949730
74 0 0 0.479249001 0.877678990
75 0 0 0.599277675 0.800541222
76 0 0 0.793353319 0.608761430
77 0 0 0.866025388 0.500000000
78 0 0 0.923879504 0.382683426
79 0 0 0.965925813 0.258819044
80 0 0 0.991444886 0.130526185
81 0 0 0.991444886 -0.130526185
82 0 0 0.965925813 -0.258819044
83 0 0 0.923879504 -0.382683426
84 0 0 0.866025388 -0.500000000
85 0 0 0.793353319 -0.608761430
86 0 0 0.777817488 -0.777817488
87 0 0 0.853698134 -0.853698134
88 0 0 0.935126722 -0.935126722
89 0 0 1.022508980 -1.022508980
90 0 0 1.116280200 -1.116280200
91 0 0 1.216907380 -1.216907380
92 0 0 1.324891810 -1.324891810
93 0 0 1.440771580 -1.440771580
94 0 0 1.565123800 -1.565123800
95 0 0 1.698567990 -1.698567990
96 0 0 1.841768860 -1.841768860
97 0 0 1.995439770 -1.995439770
98 0 0 2.160346270 -2.160346270
99 0 0 2.337309840 -2.337309840
100 0 0 2.527211900 -2.527211900
101 0 0 2.730998750 -2.730998750
102 0 0 2.949685340 -2.949685340
103 0 0 3.184360980 -3.184360980
104 0 0 3.436194900 -3.436194900
105 0 0 3.706441640 -3.706441640
106 0 0 3.996447090 -3.996447090
107 0 0 4.307656290 -4.307656290
108 0 0 4.641619210 -4.641619210
109 0 0 5.000000000 -4.166666510
110 0 0 5.000000000 -3.333333250
111 0 0 5.000000000 -2.500000000
112 0 0 5.000000000 -1.666666630
113 0 0 5.000000000 -0.833333313
114 0 0 5.000000000 0.000000000
115 0 0 5.000000000 0.833333313
116 0 0 5.000000000 1.666666630
117 0 0 5.000000000 2.500000000
118 0 0 5.000000000 3.333333250
119 0 0 5.000000000 4.166666510
120 0 0 -4.641619210 -4.641619210
121 0 0 -4.307656290 -4.307656290
122 0 0 -3.996447090 -3.996447090
123 0 0 -3.706441640 -3.706441640
124 0 0 -3.436194900 -3.436194900
125 0 0 -3.184360980 -3.184360980
126 0 0 -2.949685340 -2.949685340
127 0 0 -2.730998750 -2.730998750
128 0 0 -2.527211900 -2.527211900
129 0 0 -2.337309840 -2.337309840
130 0 0 -2.160346270 -2.160346270
131 0 0 -1.995439770 -1.995439770
132 0 0 -1.841768860 -1.841768860
133 0 0 -1.698567990 -1.698567990
134 0 0 -1.565123800 -1.565123800
135 0 0 -1.440771580 -1.440771580
136 0 0 -1.324891810 -1.324891810
137 0 0 -1.216907380 -1.216907380
138 0 0 -1.116280200 -1.116280200
139 0 0 -1.022508980 -1.022508980
140 0 0 -0.935126722 -0.935126722
141 0 0 -0.853698134 -0.853698134
142 0 0 -0.777817488 -0.777817488
143 0 0 -0.800541222 -0.599277675
144 0 0 -0.877678990 -0.479249001
145 0 0 -0.936949730 -0.349464178
146 0 0 -0.977146864 -0.212565288
147 0 0 -0.997452140 -0.071339183
148 0 0 -0.997452140 0.071339183
149 0 0 -0.977146864 0.212565288
150 0 0 -0.936949730 0.349464178
151 0 0 -0.877678990 0.479249001
152 0 0 -0.800541222 0.599277675
153 1 1 -5.000000000 4.090909000
154 1 1 -5.000000000 3.181818250
155 1 1 -5.000000000 2.272727250
156 1 1 -5.000000000 1.363636370
157 1 1 -5.000000000 0.454545468
158 1 1 -5.000000000 -0.454545468
159 1 1 -5.000000000 -1.363636370
160 1 1 -5.000000000 -2.272727250
161 1 1 -5.000000000 -3.181818250
162 1 1 -5.000000000 -4.090909000
163 0 0 -4.090909000 -5.000000000
164 0 0 -3.181818250 -5.000000000
165 0 0 -2.272727250 -5.000000000
166 0 0 -1.363636370 -5.000000000
167 0 0 -0.454545468 -5.000000000
168 0 0 0.454545468 -5.000000000
169 0 0 1.363636370 -5.000000000
170 0 0 2.272727250 -5.000000000
171 0 0 3.181818250 -5.000000000
172 0 0 4.090909000 -5.000000000
173 0 0 0.599277675 -0.800541222
174 0 0 0.479249001 -0.877678990
175 0 0 0.349464178 -0.936949730
176 0 0 0.212565288 -0.977146864
177 0 0 0.071339183 -0.997452140
178 0 0 -0.071339183 -0.997452140
179 0 0 -0.212565288 -0.977146864
180 0 0 -0.349464178 -0.936949730
181 0 0 -0.479249001 -0.877678990
182 0 0 -0.599277675 -0.800541222
183 0 0 0.656790316 0.869712889
184 0 0 0.718507946 0.943942010
185 0 0 0.784738064 1.023598310
186 0 0 0.855810523 1.109078760
187 0 0 0.932079434 1.200809000
188 0 0 1.013924720 1.299246070
189 0 0 1.101754070 1.404880290
190 0 0 1.196005110 1.518237830
191 0 0 1.297147150 1.639883520
192 0 0 1.405684110 1.770423290
193 0 0 1.522156830 1.910507440
194 0 0 1.647145270 2.060833690
195 0 0 1.781272290 2.222151040
196 0 0 1.925205830 2.395262960
197 0 0 2.079663040 2.581032040
198 0 0 2.245413300 2.780383350
199 0 0 2.423282380 2.994310140
200 0 0 2.614156250 3.223878150
201 0 0 2.818985700 3.470231060
202 0 0 3.038791180 3.734595780
203 0 0 3.274667740 4.018289570
204 0 0 3.527790310 4.322725300
205 0 0 3.799419640 4.649419310
206 0 0 0.523764551 0.945580065
207 0 0 0.571534812 1.018445730
208 0 0 0.622797787 1.096638920
209 0 0 0.677808881 1.180549140
210 0 0 0.736842036 1.270594360
211 0 0 0.800191343 1.367223260
212 0 0 0.868172407 1.470917220
213 0 0 0.941123903 1.582192660
214 0 0 1.019409300 1.701603890
215 0 0 1.103418350 1.829745770
216 0 0 1.193569780 1.967256780
217 0 0 1.290312530 2.114821910
218 0 0 1.394128560 2.273175950
219 0 0 1.505535010 2.443108080
220 0 0 1.625087020 2.625464920
221 0 0 1.753379940 2.821154360
222 0 0 1.891052960 3.031151770
223 0 0 2.038791890 3.256502870
224 0 0 2.197332620 3.498330590
225 0 0 2.367465020 3.757839200
226 0 0 2.550036430 4.036322120
227 0 0 2.745956660 4.335165500
228 0 0 2.956201550 4.655858990
229 0 0 0.381143332 1.003874540
230 0 0 0.415138692 1.075692530
231 0 0 0.451619625 1.152761460
232 0 0 0.490767807 1.235465170
233 0 0 0.532778323 1.324215770
234 0 0 0.577860415 1.419455410
235 0 0 0.626238644 1.521658300
236 0 0 0.678153992 1.631333830
237 0 0 0.733865201 1.749028210
238 0 0 0.793649614 1.875327710
239 0 0 0.857805192 2.010861640
240 0 0 0.926651418 2.156304840
241 0 0 1.000531320 2.312382220
242 0 0 1.079813000 2.479871030
243 0 0 1.164891240 2.659605980
244 0 0 1.256189940 2.852481840
245 0 0 1.354163890 3.059459920
246 0 0 1.459301110 3.281570910
247 0 0 1.572125550 3.519921540
248 0 0 1.693198920 3.775699140
249 0 0 1.823124650 4.050177570
250 0 0 1.962549690 4.344724660
251 0 0 2.112168790 4.660807130
252 0 0 0.231525227 1.043409590
253 0 0 0.251871437 1.114516970
254 0 0 0.273705214 1.190823440
255 0 0 0.297135383 1.272709010
256 0 0 0.322278619 1.360581640
257 0 0 0.349260211 1.454878930
258 0 0 0.378214538 1.556070800
259 0 0 0.409285843 1.664661170
260 0 0 0.442628920 1.781191230
261 0 0 0.478409827 1.906241180
262 0 0 0.516806901 2.040434120
263 0 0 0.558011293 2.184438470
264 0 0 0.602228343 2.338971850
265 0 0 0.649678349 2.504803660
266 0 0 0.700597584 2.682760240
267 0 0 0.755239725 2.873728040
268 0 0 0.813877046 3.078658340
269 0 0 0.876801610 3.298572060
270 0 0 0.944326878 3.534564500
271 0 0 1.016789200 3.787811520
272 0 0 1.094549660 4.059574600
273 0 0 1.177995440 4.351207260
274 0 0 1.267542240 4.664163110
275 0 0 0.077651188 1.063380360
276 0 0 0.084424697 1.134128930
277 0 0 0.091693446 1.210050230
278 0 0 0.099493645 1.291522380
279 0 0 0.107864156 1.378951430
280 0 0 0.116846666 1.472772840
281 0 0 0.126485929 1.573453900
282 0 0 0.136829972 1.681496260
283 0 0 0.147930294 1.797438030
284 0 0 0.159842238 1.921856880
285 0 0 0.172625095 2.055372480
286 0 0 0.186342567 2.198650120
287 0 0 0.201062992 2.352403160
288 0 0 0.216859698 2.517398120
289 0 0 0.233811364 2.694456340
290 0 0 0.252002448 2.884460210
291 0 0 0.271523565 3.088356260
292 0 0 0.292471945 3.307159900
293 0 0 0.314951986 3.541961190
294 0 0 0.339075595 3.793930050
295 0 0 0.364963025 4.064321520
296 0 0 0.392743200 4.354482170
297 0 0 0.422554523 4.665858270
298 0 0 -0.077651188 1.063380360
299 0 0 -0.084424697 1.134128930
300 0 0 -0.091693446 1.210050230
301 0 0 -0.099493645 1.291522380
302 0 0 -0.107864156 1.378951430
303 0 0 -0.116846666 1.472772840
304 0 0 -0.126485929 1.573453900
305 0 0 -0.136829972 1.681496260
306 0 0 -0.147930294 1.797438030
307 0 0 -0.159842238 1.921856880
308 0 0 -0.172625095 2.055372480
309 0 0 -0.186342567 2.198650120
310 0 0 -0.201062992 2.352403160
311 0 0 -0.216859698 2.517398120
312 0 0 -0.233811364 2.694456340
313 0 0 -0.252002448 2.884460210
314 0 0 -0.271523565 3.088356260
315 0 0 -0.292471945 3.307159900
316 0 0 -0.314951986 3.541961190
317 0 0 -0.339075595 3.793930050
318 0 0 -0.364963025 4.064321520
319 0 0 -0.392743200 4.354482170
320 0 0 -0.422554523 4.665858270
321 0 0 -0.231525227 1.043409590
322 0 0 -0.251871437 1.114516970
323 0 0 -0.273705214 1.190823440
324 0 0 -0.297135383 1.272709010
325 0 0 -0.322278619 1.360581640
326 0 0 -0.349260211 1.454878930
327 0 0 -0.378214538 1.556070800
328 0 0 -0.409285843 1.664661170
329 0 0 -0.442628920 1.781191230
330 0 0 -0.478409827 1.906241180
331 0 0 -0.516806901 2.040434120
332 0 0 -0.558011293 2.184438470
333 0 0 -0.602228343 2.338971850
334 0 0 -0.649678349 2.504803660
335 0 0 -0.700597584 2.682760240
336 0 0 -0.755239725 2.873728040
337 0 0 -0.813877046 3.078658340
338 0 0 -0.876801610 3.298572060
339 0 0 -0.944326878 3.534564500
340 0 0 -1.016789200 3.787811520
341 0 0 -1.094549660 4.059574600
342 0 0 -1.177995440 4.351207260
343 0 0 -1.267542240 4.664163110
344 0 0 -0.381143332 1.003874540
345 0 0 -0.415138692 1.075692530
346 0 0 -0.451619625 1.152761460
347 0 0 -0.490767807 1.235465170
348 0 0 -0.532778323 1.324215770
349 0 0 -0.577860415 1.419455410
350 0 0 -0.626238644 1.521658300
351 0 0 -0.678153992 1.631333830
352 0 0 -0.733865201 1.749028210
353 0 0 -0.793649614 1.875327710
354 0 0 -0.857805192 2.010861640
355 0 0 -0.926651418 2.156304840
356 0 0 -1.000531320 2.312382220
357 0 0 -1.079813000 2.479871030
358 0 0 -1.164891240 2.659605980
359 0 0 -1.256189940 2.852481840
360 0 0 -1.354163890 3.059459920
361 0 0 -1.459301110 3.281570910
362 0 0 -1.572125550 3.519921540
363 0 0 -1.693198920 3.775699140
364 0 0 -1.823124650 4.050177570
365 0 0 -1.962549690 4.344724660
366 0 0 -2.112168790 4.660807130
367 0 0 -0.523764551 0.945580065
368 0 0 -0.571534812 1.018445730
369 0 0 -0.622797787 1.096638920
370 0 0 -0.677808881 1.180549140
371 0 0 -0.736842036 1.270594360
372 0 0 -0.800191343 1.367223260
373 0 0 -0.868172407 1.470917220
374 0 0 -0.941123903 1.582192660
375 0 0 -1.019409300 1.701603890
376 0 0 -1.103418350 1.829745770
377 0 0 -1.193569780 1.967256780
378 0 0 -1.290312530 2.114821910
379 0 0 -1.394128560 2.273175950
380 0 0 -1.505535010 2.443108080
381 0 0 -1.625087020 2.625464920
382 0 0 -1.753379940 2.821154360
383 0 0 -1.891052960 3.031151770
384 0 0 -2.038791890 3.256502870
385 0 0 -2.197332620 3.498330590
386 0 0 -2.367465020 3.757839200
387 0 0 -2.550036430 4.036322120
388 0 0 -2.745956660 4.335165500
389 0 0 -2.956201550 4.655858990
390 0 0 -0.656790316 0.869712889
391 0 0 -0.718507946 0.943942010
392 0 0 -0.784738064 1.023598310
393 0 0 -0.855810523 1.109078760
394 0 0 -0.932079434 1.200809000
395 0 0 -1.013924720 1.299246070
396 0 0 -1.101754070 1.404880290
397 0 0 -1.196005110 1.518237830
398 0 0 -1.297147150 1.639883520
399 0 0 -1.405684110 1.770423290
400 0 0 -1.522156830 1.910507440
401 0 0 -1.647145270 2.060833690
402 0 0 -1.781272290 2.222151040
403 0 0 -1.925205830 2.395262960
404 0 0 -2.079663040 2.581032040
405 0 0 -2.245413300 2.780383350
406 0 0 -2.423282380 2.994310140
407 0 0 -2.614156250 3.223878150
408 0 0 -2.818985700 3.470231060
409 0 0 -3.038791180 3.734595780
410 0 0 -3.274667740 4.018289570
411 0 0 -3.527790310 4.322725300
412 0 0 -3.799419640 4.649419310
413 0 0 4.648819450 3.869644640
414 0 0 4.321565630 3.592859510
415 0 0 4.016609190 3.334932570
416 0 0 3.732429740 3.094578980
417 0 0 3.467612500 2.870601180
418 0 0 3.220838310 2.661884070
419 0 0 2.990877150 2.467387200
420 0 0 2.776584150 2.286142110
421 0 0 2.576891660 2.117245670
422 0 0 2.390804770 1.959856750
423 0 0 2.217396500 1.813191180
424 0 0 2.055803060 1.676518440
425 0 0 1.905219440 1.549157500
426 0 0 1.764895560 1.430474160
427 0 0 1.634132270 1.319877030
428 0 0 1.512278440 1.216815110
429 0 0 1.398726700 1.120775220
430 0 0 1.292911770 1.031278850
431 0 0 1.194306140 0.947880030
432 0 0 1.102418900 0.870163500
433 0 0 1.016792300 0.797742009
434 0 0 0.936999559 0.730254829
435 0 0 0.862643421 0.667365730
436 0 0 4.654886250 3.096800090
437 0 0 4.333286290 2.876382590
438 0 0 4.033597470 2.670982840
439 0 0 3.754327770 2.479577540
440 0 0 3.494085550 2.301213260
441 0 0 3.251574280 2.135001420
442 0 0 3.025585890 1.980114220
443 0 0 2.814995050 1.835779910
444 0 0 2.618752240 1.701279520
445 0 0 2.435879950 1.575942990
446 0 0 2.265467410 1.459146140
447 0 0 2.106665610 1.350306870
448 0 0 1.958683370 1.248883250
449 0 0 1.820783620 1.154369830
450 0 0 1.692279460 1.066295980
451 0 0 1.572530630 0.984222829
452 0 0 1.460940720 0.907741547
453 0 0 1.356953620 0.836471200
454 0 0 1.260051610 0.770056665
455 0 0 1.169751760 0.708167195
456 0 0 1.085604310 0.650494456
457 0 0 1.007190110 0.596751094
458 0 0 0.934118450 0.546669424
459 0 0 4.659716130 2.323241470
460 0 0 4.342616560 2.158526180
461 0 0 4.047122000 2.005033250
462 0 0 3.771760700 1.861998440
463 0 0 3.515160320 1.728708860
464 0 0 3.276042940 1.604500770
465 0 0 3.053217410 1.488755350
466 0 0 2.845573660 1.380895970
467 0 0 2.652077200 1.280385490
468 0 0 2.471764330 1.186722990
469 0 0 2.303736690 1.099442010
470 0 0 2.147157190 1.018107770
471 0 0 2.001245980 0.942315042
472 0 0 1.865276100 0.871686339
473 0 0 1.738570330 0.805869758
474 0 0 1.620497350 0.744537413
475 0 0 1.510469080 0.687383890
476 0 0 1.407937290 0.634124398
477 0 0 1.312391400 0.584493637
478 0 0 1.223355290 0.538244307
479 0 0 1.140385510 0.495146155
480 0 0 1.063068630 0.454984397
481 0 0 0.991019607 0.417558968
482 0 0 4.663226130 1.549136280
483 0 0 4.349397660 1.439613580
484 0 0 4.056951520 1.337553020
485 0 0 3.784430270 1.242446180
486 0 0 3.530476810 1.153819200
487 0 0 3.293826100 1.071230650
488 0 0 3.073298930 0.994269192
489 0 0 2.867797140 0.922551274
490 0 0 2.676296710 0.855719686
491 0 0 2.497843740 0.793441594
492 0 0 2.331549410 0.735406637
493 0 0 2.176584960 0.681325853
494 0 0 2.032178880 0.630929708
495 0 0 1.897611620 0.583967209
496 0 0 1.772212860 0.540204406
497 0 0 1.655357840 0.499423265
498 0 0 1.546464560 0.461420685
499 0 0 1.444990400 0.426007330
500 0 0 1.350430130 0.393006802
501 0 0 1.262312410 0.362254709
502 0 0 1.180198430 0.333597839
503 0 0 1.103679180 0.306893438
504 0 0 1.032373310 0.282008499
505 0 0 4.665356640 0.774661362
506 0 0 4.353513240 0.719986916
507 0 0 4.062917230 0.669037580
508 0 0 3.792119980 0.621559560
509 0 0 3.539772990 0.577316403
510 0 0 3.304619070 0.536087632
511 0 0 3.085487130 0.497667909
512 0 0 2.881285190 0.461865842
513 0 0 2.690996170 0.428503066
514 0 0 2.513672110 0.397413403
515 0 0 2.348429680 0.368441969
516 0 0 2.194445610 0.341444463
517 0 0 2.050952910 0.316286355
518 0 0 1.917237040 0.292842358
519 0 0 1.792631390 0.270995677
520 0 0 1.676515700 0.250637472
521 0 0 1.568311210 0.231666312
522 0 0 1.467478990 0.213987723
523 0 0 1.373516800 0.197513640
524 0 0 1.285956500 0.182161987
525 0 0 1.204362030 0.167856276
526 0 0 1.128326770 0.154525265
527 0 0 1.057471990 0.142102525
528 0 0 4.666070940 0.000000000
529 0 0 4.354893210 0.000000000
530 0 0 4.064917090 0.000000000
531 0 0 3.794697760 0.000000000
532 0 0 3.542889360 0.000000000
533 0 0 3.308237550 0.000000000
534 0 0 3.089573140 0.000000000
535 0 0 2.885807040 0.000000000
536 0 0 2.695924040 0.000000000
537 0 0 2.518978360 0.000000000
538 0 0 2.354088540 0.000000000
539 0 0 2.200433250 0.000000000
540 0 0 2.057246920 0.000000000
541 0 0 1.923816320 0.000000000
542 0 0 1.799476620 0.000000000
543 0 0 1.683608650 0.000000000
544 0 0 1.575635190 0.000000000
545 0 0 1.475018140 0.000000000
546 0 0 1.381256460 0.000000000
547 0 0 1.293883090 0.000000000
548 0 0 1.212462780 0.000000000
549 0 0 1.136589770 0.000000000
550 0 0 1.065886260 0.000000000
551 0 0 4.665356640 -0.774661362
552 0 0 4.353513240 -0.719986916
553 0 0 4.062917230 -0.669037580
554 0 0 3.792119980 -0.621559560
555 0 0 3.539772990 -0.577316403
556 0 0 3.304619070 -0.536087632
557 0 0 3.085487130 -0.497667909
558 0 0 2.881285190 -0.461865842
559 0 0 2.690996170 -0.428503066
560 0 0 2.513672110 -0.397413403
561 0 0 2.348429680 -0.368441969
562 0 0 2.194445610 -0.341444463
563 0 0 2.050952910 -0.316286355
564 0 0 1.917237040 -0.292842358
565 0 0 1.792631390 -0.270995677
566 0 0 1.676515700 -0.250637472
567 0 0 1.568311210 -0.231666312
568 0 0 1.467478990 -0.213987723
569 0 0 1.373516800 -0.197513640
570 0 0 1.285956500 -0.182161987
571 0 0 1.204362030 -0.167856276
572 0 0 1.128326770 -0.154525265
573 0 0 1.057471990 -0.142102525
574 0 0 4.663226130 -1.549136280
575 0 0 4.349397660 -1.439613580
576 0 0 4.056951520 -1.337553020
577 0 0 3.784430270 -1.242446180
578 0 0 3.530476810 -1.153819200
579 0 0 3.293826100 -1.071230650
580 0 0 3.073298930 -0.994269192
581 0 0 2.867797140 -0.922551274
582 0 0 2.676296710 -0.855719686
583 0 0 2.497843740 -0.793441594
584 0 0 2.331549410 -0.735406637
585 0 0 2.176584960 -0.681325853
586 0 0 2.032178880 -0.630929708
587 0 0 1.897611620 -0.583967209
588 0 0 1.772212860 -0.540204406
589 0 0 1.655357840 -0.499423265
590 0 0 1.546464560 -0.461420685
591 0 0 1.444990400 -0.426007330
592 0 0 1.350430130 -0.393006802
593 0 0 1.262312410 -0.362254709
594 0 0 1.180198430 -0.333597839
595 0 0 1.103679180 -0.306893438
596 0 0 1.032373310 -0.282008499
597 0 0 4.659716130 -2.323241470
598 0 0 4.342616560 -2.158526180
599 0 0 4.047122000 -2.005033250
600 0 0 3.771760700 -1.861998440
601 0 0 3.515160320 -1.728708860
602 0 0 3.276042940 -1.604500770
603 0 0 3.053217410 -1.488755350
604 0 0 2.845573660 -1.380895970
605 0 0 2.652077200 -1.280385490
606 0 0 2.471764330 -1.186722990
607 0 0 2.303736690 -1.099442010
608 0 0 2.147157190 -1.018107770
609 0 0 2.001245980 -0.942315042
610 0 0 1.865276100 -0.871686339
611 0 0 1.738570330 -0.805869758
612 0 0 1.620497350 -0.744537413
613 0 0 1.510469080 -0.687383890
614 0 0 1.407937290 -0.634124398
615 0 0 1.312391400 -0.584493637
616 0 0 1.223355290 -0.538244307
617 0 0 1.140385510 -0.495146155
618 0 0 1.063068630 -0.454984397
619 0 0 0.991019607 -0.417558968
620 0 0 4.654886250 -3.096800090
621 0 0 4.333286290 -2.876382590
622 0 0 4.033597470 -2.670982840
623 0 0 3.754327770 -2.479577540
624 0 0 3.494085550 -2.301213260
625 0 0 3.251574280 -2.135001420
626 0 0 3.025585890 -1.980114220
627 0 0 2.814995050 -1.835779910
628 0 0 2.618752240 -1.701279520
629 0 0 2.435879950 -1.575942990
630 0 0 2.265467410 -1.459146140
631 0 0 2.106665610 -1.350306870
632 0 0 1.958683370 -1.248883250
633 0 0 1.820783620 -1.154369830
634 0 0 1.692279460 -1.066295980
635 0 0 1.572530630 -0.984222829
636 0 0 1.460940720 -0.907741547
637 0 0 1.356953620 -0.836471200
638 0 0 1.260051610 -0.770056665
639 0 0 1.169751760 -0.708167195
640 0 0 1.085604310 -0.650494456
641 0 0 1.007190110 -0.596751094
642 0 0 0.934118450 -0.546669424
643 0 0 4.648819450 -3.869644640
644 0 0 4.321565630 -3.592859510
645 0 0 4.016609190 -3.334932570
646 0 0 3.732429740 -3.094578980
647 0 0 3.467612500 -2.870601180
648 0 0 3.220838310 -2.661884070
649 0 0 2.990877150 -2.467387200
650 0 0 2.776584150 -2.286142110
651 0 0 2.576891660 -2.117245670
652 0 0 2.390804770 -1.959856750
653 0 0 2.217396500 -1.813191180
654 0 0 2.055803060 -1.676518440
655 0 0 1.905219440 -1.549157500
656 0 0 1.764895560 -1.430474160
657 0 0 1.634132270 -1.319877030
658 0 0 1.512278440 -1.216815110
659 0 0 1.398726700 -1.120775220
660 0 0 1.292911770 -1.031278850
661 0 0 1.194306140 -0.947880030
662 0 0 1.102418900 -0.870163500
663 0 0 1.016792300 -0.797742009
664 0 0 0.936999559 -0.730254829
665 0 0 0.862643421 -0.667365730
666 0 0 -4.649419310 -3.799419640
667 0 0 -4.322725300 -3.527790310
668 0 0 -4.018289570 -3.274667740
669 0 0 -3.734595780 -3.038791180
670 0 0 -3.470231060 -2.818985700
671 0 0 -3.223878150 -2.614156250
672 0 0 -2.994310140 -2.423282380
673 0 0 -2.780383350 -2.245413300
674 0 0 -2.581032040 -2.079663040
675 0 0 -2.395262960 -1.925205830
676 0 0 -2.222151040 -1.781272290
677 0 0 -2.060833690 -1.647145270
678 0 0 -1.910507440 -1.522156830
679 0 0 -1.770423290 -1.405684110
680 0 0 -1.639883520 -1.297147150
681 0 0 -1.518237830 -1.196005110
682 0 0 -1.404880290 -1.101754070
683 0 0 -1.299246070 -1.013924720
684 0 0 -1.200809000 -0.932079434
685 0 0 -1.109078760 -0.855810523
686 0 0 -1.023598310 -0.784738064
687 0 0 -0.943942010 -0.718507946
688 0 0 -0.869712889 -0.656790316
689 0 0 -4.655858990 -2.956201550
690 0 0 -4.335165500 -2.745956660
691 0 0 -4.036322120 -2.550036430
692 0 0 -3.757839200 -2.367465020
693 0 0 -3.498330590 -2.197332620
694 0 0 -3.256502870 -2.038791890
695 0 0 -3.031151770 -1.891052960
696 0 0 -2.821154360 -1.753379940
697 0 0 -2.625464920 -1.625087020
698 0 0 -2.443108080 -1.505535010
699 0 0 -2.273175950 -1.394128560
700 0 0 -2.114821910 -1.290312530
701 0 0 -1.967256780 -1.193569780
702 0 0 -1.829745770 -1.103418350
703 0 0 -1.701603890 -1.019409300
704 0 0 -1.582192660 -0.941123903
705 0 0 -1.470917220 -0.868172407
706 0 0 -1.367223260 -0.800191343
707 0 0 -1.270594360 -0.736842036
708 0 0 -1.180549140 -0.677808881
709 0 0 -1.096638920 -0.622797787
710 0 0 -1.018445730 -0.571534812
711 0 0 -0.945580065 -0.523764551
712 0 0 -4.660807130 -2.112168790
713 0 0 -4.344724660 -1.962549690
714 0 0 -4.050177570 -1.823124650
715 0 0 -3.775699140 -1.693198920
716 0 0 -3.519921540 -1.572125550
717 0 0 -3.281570910 -1.459301110
718 0 0 -3.059459920 -1.354163890
719 0 0 -2.852481840 -1.256189940
720 0 0 -2.659605980 -1.164891240
721 0 0 -2.479871030 -1.079813000
722 0 0 -2.312382220 -1.000531320
723 0 0 -2.156304840 -0.926651418
724 0 0 -2.010861640 -0.857805192
725 0 0 -1.875327710 -0.793649614
726 0 0 -1.749028210 -0.733865201
727 0 0 -1.631333830 -0.678153992
728 0 0 -1.521658300 -0.626238644
729 0 0 -1.419455410 -0.577860415
730 0 0 -1.324215770 -0.532778323
731 0 0 -1.235465170 -0.490767807
732 0 0 -1.152761460 -0.451619625
733 0 0 -1.075692530 -0.415138692
734 0 0 -1.003874540 -0.381143332
735 0 0 -4.664163110 -1.267542240
736 0 0 -4.351207260 -1.177995440
737 0 0 -4.059574600 -1.094549660
738 0 0 -3.787811520 -1.016789200
739 0 0 -3.534564500 -0.944326878
740 0 0 -3.298572060 -0.876801610
741 0 0 -3.078658340 -0.813877046
742 0 0 -2.873728040 -0.755239725
743 0 0 -2.682760240 -0.700597584
744 0 0 -2.504803660 -0.649678349
745 0 0 -2.338971850 -0.602228343
746 0 0 -2.184438470 -0.558011293
747 0 0 -2.040434120 -0.516806901
748 0 0 -1.906241180 -0.478409827
749 0 0 -1.781191230 -0.442628920
750 0 0 -1.664661170 -0.409285843
751 0 0 -1.556070800 -0.378214538
752 0 0 -1.454878930 -0.349260211
753 0 0 -1.360581640 -0.322278619
754 0 0 -1.272709010 -0.297135383
755 0 0 -1.190823440 -0.273705214
756 0 0 -1.114516970 -0.251871437
757 0 0 -1.043409590 -0.231525227
758 0 0 -4.665858270 -0.422554523
759 0 0 -4.354482170 -0.392743200
760 0 0 -4.064321520 -0.364963025
761 0 0 -3.793930050 -0.339075595
762 0 0 -3.541961190 -0.314951986
763 0 0 -3.307159900 -0.292471945
764 0 0 -3.088356260 -0.271523565
765 0 0 -2.884460210 -0.252002448
766 0 0 -2.694456340 -0.233811364
767 0 0 -2.517398120 -0.216859698
768 0 0 -2.352403160 -0.201062992
769 0 0 -2.198650120 -0.186342567
770 0 0 -2.055372480 -0.172625095
771 0 0 -1.921856880 -0.159842238
772 0 0 -1.797438030 -0.147930294
773 0 0 -1.681496260 -0.136829972
774 0 0 -1.573453900 -0.126485929
775 0 0 -1.472772840 -0.116846666
776 0 0 -1.378951430 -0.107864156
777 0 0 -1.291522380 -0.099493645
778 0 0 -1.210050230 -0.091693446
779 0 0 -1.134128930 -0.084424697
780 0 0 -1.063380360 -0.077651188
781 0 0 -4.665858270 0.422554523
782 0 0 -4.354482170 0.392743200
783 0 0 -4.064321520 0.364963025
784 0 0 -3.793930050 0.339075595
785 0 0 -3.541961190 0.314951986
786 0 0 -3.307159900 0.292471945
787 0 0 -3.088356260 0.271523565
788 0 0 -2.884460210 0.252002448
789 0 0 -2.694456340 0.233811364
790 0 0 -2.517398120 0.216859698
791 0 0 -2.352403160 0.201062992
792 0 0 -2.198650120 0.186342567
793 0 0 -2.055372480 0.172625095
794 0 0 -1.921856880 0.159842238
795 0 0 -1.797438030 0.147930294
796 0 0 -1.681496260 0.136829972
797 0 0 -1.573453900 0.126485929
798 0 0 -1.472772840 0.116846666
799 0 0 -1.378951430 0.107864156
800 0 0 -1.291522380 0.099493645
801 0 0 -1.210050230 0.091693446
802 0 0 -1.134128930 0.084424697
803 0 0 -1.063380360 0.077651188
804 0 0 -4.664163110 1.267542240
805 0 0 -4.351207260 1.177995440
806 0 0 -4.059574600 1.094549660
807 0 0 -3.787811520 1.016789200
808 0 0 -3.534564500 0.944326878
809 0 0 -3.298572060 0.876801610
810 0 0 -3.078658340 0.813877046
811 0 0 -2.873728040 0.755239725
812 0 0 -2.682760240 0.700597584
813 0 0 -2.504803660 0.649678349
814 0 0 -2.338971850 0.602228343
815 0 0 -2.184438470 0.558011293
816 0 0 -2.040434120 0.516806901
817 0 0 -1.906241180 0.478409827
818 0 0 -1.781191230 0.442628920
819 0 0 -1.664661170 0.409285843
820 0 0 -1.556070800 0.378214538
821 0 0 -1.454878930 0.349260211
822 0 0 -1.360581640 0.322278619
823 0 0 -1.272709010 0.297135383
824 0 0 -1.190823440 0.273705214
825 0 0 -1.114516970 0.251871437
826 0 0 -1.043409590 0.231525227
827 0 0 -4.660807130 2.112168790
828 0 0 -4.344724660 1.962549690
829 0 0 -4.050177570 1.823124650
830 0 0 -3.775699140 1.693198920
831 0 0 -3.519921540 1.572125550
832 0 0 -3.281570910 1.459301110
833 0 0 -3.059459920 1.354163890
834 0 0 -2.852481840 1.256189940
835 0 0 -2.659605980 1.164891240
836 0 0 -2.479871030 1.079813000
837 0 0 -2.312382220 1.000531320
838 0 0 -2.156304840 0.926651418
839 0 0 -2.010861640 0.857805192
840 0 0 -1.875327710 0.793649614
841 0 0 -1.749028210 0.733865201
842 0 0 -1.631333830 0.678153992
843 0 0 -1.521658300 0.626238644
844 0 0 -1.419455410 0.577860415
845 0 0 -1.324215770 0.532778323
846 0 0 -1.235465170 0.490767807
847 0 0 -1.152761460 0.451619625
848 0 0 -1.075692530 0.415138692
849 0 0 -1.003874540 0.381143332
850 0 0 -4.655858990 2.956201550
851 0 0 -4.335165500 2.745956660
852 0 0 -4.036322120 2.550036430
853 0 0 -3.757839200 2.367465020
854 0 0 -3.498330590 2.197332620
855 0 0 -3.256502870 2.038791890
856 0 0 -3.031151770 1.891052960
857 0 0 -2.821154360 1.753379940
858 0 0 -2.625464920 1.625087020
859 0 0 -2.443108080 1.505535010
860 0 0 -2.273175950 1.394128560
861 0 0 -2.114821910 1.290312530
862 0 0 -1.967256780 1.193569780
863 0 0 -1.829745770 1.103418350
864 0 0 -1.701603890 1.019409300
865 0 0 -1.582192660 0.941123903
866 0 0 -1.470917220 0.868172407
867 0 0 -1.367223260 0.800191343
868 0 0 -1.270594360 0.736842036
869 0 0 -1.180549140 0.677808881
870 0 0 -1.096638920 0.622797787
871 0 0 -1.018445730 0.571534812
872 0 0 -0.945580065 0.523764551
873 0 0 -4.649419310 3.799419640
874 0 0 -4.322725300 3.527790310
875 0 0 -4.018289570 3.274667740
876 0 0 -3.734595780 3.038791180
877 0 0 -3.470231060 2.818985700
878 0 0 -3.223878150 2.614156250
879 0 0 -2.994310140 2.423282380
880 0 0 -2.780383350 2.245413300
881 0 0 -2.581032040 2.079663040
882 0 0 -2.395262960 1.925205830
883 0 0 -2.222151040 1.781272290
884 0 0 -2.060833690 1.647145270
885 0 0 -1.910507440 1.522156830
886 0 0 -1.770423290 1.405684110
887 0 0 -1.639883520 1.297147150
888 0 0 -1.518237830 1.196005110
889 0 0 -1.404880290 1.101754070
890 0 0 -1.299246070 1.013924720
891 0 0 -1.200809000 0.932079434
892 0 0 -1.109078760 0.855810523
893 0 0 -1.023598310 0.784738064
894 0 0 -0.943942010 0.718507946
895 0 0 -0.869712889 0.656790316
896 0 0 -0.656790316 -0.869712889
897 0 0 -0.718507946 -0.943942010
898 0 0 -0.784738064 -1.023598310
899 0 0 -0.855810523 -1.109078760
900 0 0 -0.932079434 -1.200809000
901 0 0 -1.013924720 -1.299246070
902 0 0 -1.101754070 -1.404880290
903 0 0 -1.196005110 -1.518237830
904 0 0 -1.297147150 -1.639883520
905 0 0 -1.405684110 -1.770423290
906 0 0 -1.522156830 -1.910507440
907 0 0 -1.647145270 -2.060833690
908 0 0 -1.781272290 -2.222151040
909 0 0 -1.925205830 -2.395262960
910 0 0 -2.079663040 -2.581032040
911 0 0 -2.245413300 -2.780383350
912 0 0 -2.423282380 -2.994310140
913 0 0 -2.614156250 -3.223878150
914 0 0 -2.818985700 -3.470231060
915 0 0 -3.038791180 -3.734595780
916 0 0 -3.274667740 -4.018289570
917 0 0 -3.527790310 -4.322725300
918 0 0 -3.799419640 -4.649419310
919 0 0 -0.523764551 -0.945580065
920 0 0 -0.571534812 -1.018445730
921 0 0 -0.622797787 -1.096638920
922 0 0 -0.677808881 -1.180549140
923 0 0 -0.736842036 -1.270594360
924 0 0 -0.800191343 -1.367223260
925 0 0 -0.868172407 -1.470917220
926 0 0 -0.941123903 -1.582192660
927 0 0 -1.019409300 -1.701603890
928 0 0 -1.103418350 -1.829745770
929 0 0 -1.193569780 -1.967256780
930 0 0 -1.290312530 -2.114821910
931 0 0 -1.394128560 -2.273175950
932 0 0 -1.505535010 -2.443108080
933 0 0 -1.625087020 -2.625464920
934 0 0 -1.753379940 -2.821154360
935 0 0 -1.891052960 -3.031151770
936 0 0 -2.038791890 -3.256502870
937 0 0 -2.197332620 -3.498330590
938 0 0 -2.367465020 -3.757839200
939 0 0 -2.550036430 -4.036322120
940 0 0 -2.745956660 -4.335165500
941 0 0 -2.956201550 -4.655858990
942 0 0 -0.381143332 -1.003874540
943 0 0 -0.415138692 -1.075692530
944 0 0 -0.451619625 -1.152761460
945 0 0 -0.490767807 -1.235465170
946 0 0 -0.532778323 -1.324215770
947 0 0 -0.577860415 -1.419455410
948 0 0 -0.626238644 -1.521658300
949 0 0 -0.678153992 -1.631333830
950 0 0 -0.733865201 -1.749028210
951 0 0 -0.793649614 -1.875327710
952 0 0 -0.857805192 -2.010861640
953 0 0 -0.926651418 -2.156304840
954 0 0 -1.000531320 -2.312382220
955 0 0 -1.079813000 -2.479871030
956 0 0 -1.164891240 -2.659605980
957 0 0 -1.256189940 -2.852481840
958 0 0 -1.354163890 -3.059459920
959 0 0 -1.459301110 -3.281570910
960 0 0 -1.572125550 -3.519921540
961 0 0 -1.693198920 -3.775699140
962 0 0 -1.823124650 -4.050177570
963 0 0 -1.962549690 -4.344724660
964 0 0 -2.112168790 -4.660807130
965 0 0 -0.231525227 -1.043409590
966 0 0 -0.251871437 -1.114516970
967 0 0 -0.273705214 -1.190823440
968 0 0 -0.297135383 -1.272709010
969 0 0 -0.322278619 -1.360581640
970 0 0 -0.349260211 -1.454878930
971 0 0 -0.378214538 -1.556070800
972 0 0 -0.409285843 -1.664661170
973 0 0 -0.442628920 -1.781191230
974 0 0 -0.478409827 -1.906241180
975 0 0 -0.516806901 -2.040434120
976 0 0 -0.558011293 -2.184438470
977 0 0 -0.602228343 -2.338971850
978 0 0 -0.649678349 -2.504803660
979 0 0 -0.700597584 -2.682760240
980 0 0 -0.755239725 -2.873728040
981 0 0 -0.813877046 -3.078658340
982 0 0 -0.876801610 -3.298572060
983 0 0 -0.944326878 -3.534564500
984 0 0 -1.016789200 -3.787811520
985 0 0 -1.094549660 -4.059574600
986 0 0 -1.177995440 -4.351207260
987 0 0 -1.267542240 -4.664163110
988 0 0 -0.077651188 -1.063380360
989 0 0 -0.084424697 -1.134128930
990 0 0 -0.091693446 -1.210050230
991 0 0 -0.099493645 -1.291522380
992 0 0 -0.107864156 -1.378951430
993 0 0 -0.116846666 -1.472772840
994 0 0 -0.126485929 -1.573453900
995 0 0 -0.136829972 -1.681496260
996 0 0 -0.147930294 -1.797438030
997 0 0 -0.159842238 -1.921856880
998 0 0 -0.172625095 -2.055372480
999 0 0 -0.186342567 -2.198650120
1000 0 0 -0.201062992 -2.352403160
1001 0 0 -0.216859698 -2.517398120
1002 0 0 -0.233811364 -2.694456340
1003 0 0 -0.252002448 -2.884460210
1004 0 0 -0.271523565 -3.088356260
1005 0 0 -0.292471945 -3.307159900
1006 0 0 -0.314951986 -3.541961190
1007 0 0 -0.339075595 -3.793930050
1008 0 0 -0.364963025 -4.064321520
1009 0 0 -0.392743200 -4.354482170
1010 0 0 -0.422554523 -4.665858270
1011 0 0 0.077651188 -1.063380360
1012 0 0 0.084424697 -1.134128930
1013 0 0 0.091693446 -1.210050230
1014 0 0 0.099493645 -1.291522380
1015 0 0 0.107864156 -1.378951430
1016 0 0 0.116846666 -1.472772840
1017 0 0 0.126485929 -1.573453900
1018 0 0 0.136829972 -1.681496260
1019 0 0 0.147930294 -1.797438030
1020 0 0 0.159842238 -1.921856880
1021 0 0 0.172625095 -2.055372480
1022 0 0 0.186342567 -2.198650120
1023 0 0 0.201062992 -2.352403160
1024 0 0 0.216859698 -2.517398120
1025 0 0 0.233811364 -2.694456340
1026 0 0 0.252002448 -2.884460210
1027 0 0 0.271523565 -3.088356260
1028 0 0 0.292471945 -3.307159900
1029 0 0 0.314951986 -3.541961190
1030 0 0 0.339075595 -3.793930050
1031 0 0 0.364963025 -4.064321520
1032 0 0 0.392743200 -4.354482170
1033 0 0 0.422554523 -4.665858270
1034 0 0 0.231525227 -1.043409590
1035 0 0 0.251871437 -1.114516970
1036 0 0 0.273705214 -1.190823440
1037 0 0 0.297135383 -1.272709010
1038 0 0 0.322278619 -1.360581640
1039 0 0 0.349260211 -1.454878930
1040 0 0 0.378214538 -1.556070800
1041 0 0 0.409285843 -1.664661170
1042 0 0 0.442628920 -1.781191230
1043 0 0 0.478409827 -1.906241180
1044 0 0 0.516806901 -2.040434120
1045 0 0 0.558011293 -2.184438470
1046 0 0 0.602228343 -2.338971850
1047 0 0 0.649678349 -2.504803660
1048 0 0 0.700597584 -2.682760240
1049 0 0 0.755239725 -2.873728040
1050 0 0 0.813877046 -3.078658340
1051 0 0 0.876801610 -3.298572060
1052 0 0 0.944326878 -3.534564500
1053 0 0 1.016789200 -3.787811520
1054 0 0 1.094549660 -4.059574600
1055 0 0 1.177995440 -4.351207260
1056 0 0 1.267542240 -4.664163110
1057 0 0 0.381143332 -1.003874540
1058 0 0 0.415138692 -1.075692530
1059 0 0 0.451619625 -1.152761460
1060 0 0 0.490767807 -1.235465170
1061 0 0 0.532778323 -1.324215770
1062 0 0 0.577860415 -1.419455410
1063 0 0 0.626238644 -1.521658300
1064 0 0 0.678153992 -1.631333830
1065 0 0 0.733865201 -1.749028210
1066 0 0 0.793649614 -1.875327710
1067 0 0 0.857805192 -2.010861640
1068 0 0 0.926651418 -2.156304840
1069 0 0 1.000531320 -2.312382220
1070 0 0 1.079813000 -2.479871030
1071 0 0 1.164891240 -2.659605980
1072 0 0 1.256189940 -2.852481840
1073 0 0 1.354163890 -3.059459920
1074 0 0 1.459301110 -3.281570910
1075 0 0 1.572125550 -3.519921540
1076 0 0 1.693198920 -3.775699140
1077 0 0 1.823124650 -4.050177570
1078 0 0 1.962549690 -4.344724660
1079 0 0 2.112168790 -4.660807130
1080 0 0 0.523764551 -0.945580065
1081 0 0 0.571534812 -1.018445730
1082 0 0 0.622797787 -1.096638920
1083 0 0 0.677808881 -1.180549140
1084 0 0 0.736842036 -1.270594360
1085 0 0 0.800191343 -1.367223260
1086 0 0 0.868172407 -1.470917220
1087 0 0 0.941123903 -1.582192660
1088 0 0 1.019409300 -1.701603890
1089 0 0 1.103418350 -1.829745770
1090 0 0 1.193569780 -1.967256780
1091 0 0 1.290312530 -2.114821910
1092 0 0 1.394128560 -2.273175950
1093 0 0 1.505535010 -2.443108080
1094 0 0 1.625087020 -2.625464920
1095 0 0 1.753379940 -2.821154360
1096 0 0 1.891052960 -3.031151770
1097 0 0 2.038791890 -3.256502870
1098 0 0 2.197332620 -3.498330590
1099 0 0 2.367465020 -3.757839200
1100 0 0 2.550036430 -4.036322120
1101 0 0 2.745956660 -4.335165500
1102 0 0 2.956201550 -4.655858990
1103 0 0 0.656790316 -0.869712889
1104 0 0 0.718507946 -0.943942010
1105 0 0 0.784738064 -1.023598310
1106 0 0 0.855810523 -1.109078760
1107 0 0 0.932079434 -1.200809000
1108 0 0 1.013924720 -1.299246070
1109 0 0 1.101754070 -1.404880290
1110 0 0 1.196005110 -1.518237830
1111 0 0 1.297147150 -1.639883520
1112 0 0 1.405684110 -1.770423290
1113 0 0 1.522156830 -1.910507440
1114 0 0 1.647145270 -2.060833690
1115 0 0 1.781272290 -2.222151040
1116 0 0 1.925205830 -2.395262960
1117 0 0 2.079663040 -2.581032040
1118 0 0 2.245413300 -2.780383350
1119 0 0 2.423282380 -2.994310140
1120 0 0 2.614156250 -3.223878150
1121 0 0 2.818985700 -3.470231060
1122 0 0 3.038791180 -3.734595780
1123 0 0 3.274667740 -4.018289570
1124 0 0 3.527790310 -4.322725300
1125 0 0 3.799419640 -4.649419310
3 1080 1
1 0.0 207000.0 0.312 1.0
1 1 10 183 75 1
2 10 11 184 183 1
3 11 12 185 184 1
4 12 13 186 185 1
5 13 14 187 186 1
6 14 15 188 187 1
7 15 16 189 188 1
8 16 17 190 189 1
9 17 18 191 190 1
10 18 19 192 191 1
11 19 20 193 192 1
12 20 21 194 193 1
13 21 22 195 194 1
14 22 23 196 195 1
15 23 24 197 196 1
16 24 25 198 197 1
17 25 26 199 198 1
18 26 27 200 199 1
19 27 28 201 200 1
20 28 29 202 201 1
21 29 30 203 202 1
22 30 31 204 203 1
23 31 32 205 204 1
24 32 2 33 205 1
25 75 183 206 74 1
26 183 184 207 206 1
27 184 185 208 207 1
28 185 186 209 208 1
29 186 187 210 209 1
30 187 188 211 210 1
31 188 189 212 211 1
32 189 190 213 212 1
33 190 191 214 213 1
34 191 192 215 214 1
35 192 193 216 215 1
36 193 194 217 216 1
37 194 195 218 217 1
38 195 196 219 218 1
39 196 197 220 219 1
40 197 198 221 220 1
41 198 199 222 221 1
42 199 200 223 222 1
43 200 201 224 223 1
44 201 202 225 224 1
45 202 203 226 225 1
46 203 204 227 226 1
47 204 205 228 227 1
48 205 33 34 228 1
49 74 206 229 73 1
50 206 207 230 229 1
51 207 208 231 230 1
52 208 209 232 231 1
53 209 210 233 232 1
54 210 211 234 233 1
55 211 212 235 234 1
56 212 213 236 235 1
57 213 214 237 236 1
58 214 215 238 237 1
59 215 216 239 238 1
60 216 217 240 239 1
61 217 218 241 240 1
62 218 219 242 241 1
63 219 220 243 242 1
64 220 221 244 243 1
65 221 222 245 244 1
66 222 223 246 245 1
67 223 224 247 246 1
68 224 225 248 247 1
69 225 226 249 248 1
70 226 227 250 249 1
71 227 228 251 250 1
72 228 34 35 251 1
73 73 229 252 72 1
74 229 230 253 252 1
75 230 231 254 253 1
76 231 232 255 254 1
77 232 233 256 255 1
78 233 234 257 256 1
79 234 235 258 257 1
80 235 236 259 258 1
81 236 237 260 259 1
82 237 238 261 260 1
83 238 239 262 261 1
84 239 240 263 262 1
85 240 241 264 263 1
86 241 242 265 264 1
87 242 243 266 265 1
88 243 244 267 266 1
89 244 245 268 267 1
90 245 246 269 268 1
91 246 247 270 269 1
92 247 248 271 270 1
93 248 249 272 271 1
94 249 250 273 272 1
95 250 251 274 273 1
96 251 35 36 274 1
97 72 252 275 71 1
98 252 253 276 275 1
99 253 254 277 276 1
100 254 255 278 277 1
101 255 256 279 278 1
102 256 257 280 279 1
103 257 258 281 280 1
104 258 259 282 281 1
105 259 260 283 282 1
106 260 261 284 283 1
107 261 262 285 284 1
108 262 263 286 285 1
109 263 264 287 286 1
110 264 265 288 287 1
111 265 266 289 288 1
112 266 267 290 289 1
113 267 268 291 290 1
114 268 269 292 291 1
115 269 270 293 292 1
116 270 271 294 293 1
117 271 272 295 294 1
118 272 273 296 295 1
119 273 274 297 296 1
120 274 36 37 297 1
121 71 275 298 70 1
122 275 276 299 298 1
123 276 277 300 299 1
124 277 278 301 300 1
125 278 279 302 301 1
126 279 280 303 302 1
127 280 281 304 303 1
128 281 282 305 304 1
129 282 283 306 305 1
130 283 284 307 306 1
131 284 285 308 307 1
132 285 286 309 308 1
133 286 287 310 309 1
134 287 288 311 310 1
135 288 289 312 311 1
136 289 290 313 312 1
137 290 291 314 313 1
138 291 292 315 314 1
139 292 293 316 315 1
140 293 294 317 316 1
141 294 295 318 317 1
142 295 296 319 318 1
143 296 297 320 319 1
144 297 37 38 320 1
145 70 298 321 69 1
146 298 299 322 321 1
147 299 300 323 322 1
148 300 301 324 323 1
149 301 302 325 324 1
150 302 303 326 325 1
151 303 304 327 326 1
152 304 305 328 327 1
153 305 306 329 328 1
154 306 307 330 329 1
155 307 308 331 330 1
156 308 309 332 331 1
157 309 310 333 332 1
158 310 311 334 333 1
159 311 312 335 334 1
160 312 313 336 335 1
161 313 314 337 336 1
162 314 315 338 337 1
163 315 316 339 338 1
164 316 317 340 339 1
165 317 318 341 340 1
166 318 319 342 341 1
167 319 320 343 342 1
168 320 38 39 343 1
169 69 321 344 68 1
170 321 322 345 344 1
171 322 323 346 345 1
172 323 324 347 346 1
173 324 325 348 347 1
174 325 326 349 348 1
175 326 327 350 349 1
176 327 328 351 350 1
177 328 329 352 351 1
178 329 330 353 352 1
179 330 331 354 353 1
180 331 332 355 354 1
181 332 333 356 355 1
182 333 334 357 356 1
183 334 335 358 357 1
184 335 336 359 358 1
185 336 337 360 359 1
186 337 338 361 360 1
187 338 339 362 361 1
188 339 340 363 362 1
189 340 341 364 363 1
190 341 342 365 364 1
191 342 343 366 365 1
192 343 39 40 366 1
193 68 344 367 67 1
194 344 345 368 367 1
195 345 346 369 368 1
196 346 347 370 369 1
197 347 348 371 370 1
198 348 349 372 371 1
199 349 350 373 372 1
200 350 351 374 373 1
201 351 352 375 374 1
202 352 353 376 375 1
203 353 354 377 376 1
204 354 355 378 377 1
205 355 356 379 378 1
206 356 357 380 379 1
207 357 358 381 380 1
208 358 359 382 381 1
209 359 360 383 382 1
210 360 361 384 383 1
211 361 362 385 384 1
212 362 363 386 385 1
213 363 364 387 386 1
214 364 365 388 387 1
215 365 366 389 388 1
216 366 40 41 389 1
217 67 367 390 66 1
218 367 368 391 390 1
219 368 369 392 391 1
220 369 370 393 392 1
221 370 371 394 393 1
222 371 372 395 394 1
223 372 373 396 395 1
224 373 374 397 396 1
225 374 375 398 397 1
226 375 376 399 398 1
227 376 377 400 399 1
228 377 378 401 400 1
229 378 379 402 401 1
230 379 380 403 402 1
231 380 381 404 403 1
232 381 382 405 404 1
233 382 383 406 405 1
234 383 384 407 406 1
235 384 385 408 407 1
236 385 386 409 408 1
237 386 387 410 409 1
238 387 388 411 410 1
239 388 389 412 411 1
240 389 41 42 412 1
241 66 390 65 4 1
242 390 391 64 65 1
243 391 392 63 64 1
244 392 393 62 63 1
245 393 394 61 62 1
246 394 395 60 61 1
247 395 396 59 60 1
248 396 397 58 59 1
249 397 398 57 58 1
250 398 399 56 57 1
251 399 400 55 56 1
252 400 401 54 55 1
253 401 402 53 54 1
254 402 403 52 53 1
255 403 404 51 52 1
256 404 405 50 51 1
257 405 406 49 50 1
258 406 407 48 49 1
259 407 408 47 48 1
260 408 409 46 47 1
261 409 410 45 46 1
262 410 411 44 45 1
263 411 412 43 44 1
264 412 42 3 43 1
265 2 32 413 119 1
266 32 31 414 413 1
267 31 30 415 414 1
268 30 29 416 415 1
269 29 28 417 416 1
270 28 27 418 417 1
271 27 26 419 418 1
272 26 25 420 419 1
273 25 24 421 420 1
274 24 23 422 421 1
275 23 22 423 422 1
276 22 21 424 423 1
277 21 20 425 424 1
278 20 19 426 425 1
279 19 18 427 426 1
280 18 17 428 427 1
281 17 16 429 428 1
282 16 15 430 429 1
283 15 14 431 430 1
284 14 13 432 431 1
285 13 12 433 432 1
286 12 11 434 433 1
287 11 10 435 434 1
288 10 1 76 435 1
289 119 413 436 118 1
290 413 414 437 436 1
291 414 415 438 437 1
292 415 416 439 438 1
293 416 417 440 439 1
294 417 418 441 440 1
295 418 419 442 441 1
296 419 420 443 442 1
297 420 421 444 443 1
298 421 422 445 444 1
299 422 423 446 445 1
300 423 424 447 446 1
301 424 425 448 447 1
302 425 426 449 448 1
303 426 427 450 449 1
304 427 428 451 450 1
305 428 429 452 451 1
306 429 430 453 452 1
307 430 431 454 453 1
308 431 432 455 454 1
309 432 433 456 455 1
310 433 434 457 456 1
311 434 435 458 457 1
312 435 76 77 458 1
313 118 436 459 117 1
314 436 437 460 459 1
315 437 438 461 460 1
316 438 439 462 461 1
317 439 440 463 462 1
318 440 441 464 463 1
319 441 442 465 464 1
320 442 443 466 465 1
321 443 444 467 466 1
322 444 445 468 467 1
323 445 446 469 468 1
324 446 447 470 469 1
325 447 448 471 470 1
326 448 449 472 471 1
327 449 450 473 472 1
328 450 451 474 473 1
329 451 452 475 474 1
330 452 453 476 475 1
331 453 454 477 476 1
332 454 455 478 477 1
333 455 456 479 478 1
334 456 457 480 479 1
335 457 458 481 480 1
336 458 77 78 481 1
337 117 459 482 116 1
338 459 460 483 482 1
339 460 461 484 483 1
340 461 462 485 484 1
341 462 463 486 485 1
342 463 464 487 486 1
343 464 465 488 487 1
344 465 466 489 488 1
345 466 467 490 489 1
346 467 468 491 490 1
347 468 469 492 491 1
348 469 470 493 492 1
349 470 471 494 493 1
350 471 472 495 494 1
351 472 473 496 495 1
352 473 474 497 496 1
353 474 475 498 497 1
354 475 476 499 498 1
355 476 477 500 499 1
356 477 478 501 500 1
357 478 479 502 501 1
358 479 480 503 502 1
359 480 481 504 503 1
360 481 78 79 504 1
361 116 482 505 115 1
362 482 483 506 505 1
363 483 484 507 506 1
364 484 485 508 507 1
365 485 486 509 508 1
366 486 487 510 509 1
367 487 488 511 510 1
368 488 489 512 511 1
369 489 490 513 512 1
370 490 491 514 513 1
371 491 492 515 514 1
372 492 493 516 515 1
373 493 494 517 516 1
374 494 495 518 517 1
375 495 496 519 518 1
376 496 497 520 519 1
377 497 498 521 520 1
378 498 499 522 521 1
379 499 500 523 522 1
380 500 501 524 523 1
381 501 502 525 524 1
382 502 503 526 525 1
383 503 504 527 526 1
384 504 79 80 527 1
385 115 505 528 114 1
386 505 506 529 528 1
387 506 507 530 529 1
388 507 508 531 530 1
389 508 509 532 531 1
390 509 510 533 532 1
391 510 511 534 533 1
392 511 512 535 534 1
393 512 513 536 535 1
394 513 514 537 536 1
395 514 515 538 537 1
396 515 516 539 538 1
397 516 517 540 539 1
398 517 518 541 540 1
399 518 519 542 541 1
400 519 520 543 542 1
401 520 521 544 543 1
402 521 522 545 544 1
403 522 523 546 545 1
404 523 524 547 546 1
405 524 525 548 547 1
406 525 526 549 548 1
407 526 527 550 549 1
408 527 80 5 550 1
409 114 528 551 113 1
410 528 529 552 551 1
411 529 530 553 552 1
412 530 531 554 553 1
413 531 532 555 554 1
414 532 533 556 555 1
415 533 534 557 556 1
416 534 535 558 557 1
417 535 536 559 558 1
418 536 537 560 559 1
419 537 538 561 560 1
420 538 539 562 561 1
421 539 540 563 562 1
422 540 541 564 563 1
423 541 542 565 564 1
424 542 543 566 565 1
425 543 544 567 566 1
426 544 545 568 567 1
427 545 546 569 568 1
428 546 547 570 569 1
429 547 548 571 570 1
430 548 549 572 571 1
431 549 550 573 572 1
432 550 5 81 573 1
433 113 551 574 112 1
434 551 552 575 574 1
435 552 553 576 575 1
436 553 554 577 576 1
437 554 555 578 577 1
438 555 556 579 578 1
439 556 557 580 579 1
440 557 558 581 580 1
441 558 559 582 581 1
442 559 560 583 582 1
443 560 561 584 583 1
444 561 562 585 584 1
445 562 563 586 585 1
446 563 564 587 586 1
447 564 565 588 587 1
448 565 566 589 588 1
449 566 567 590 589 1
450 567 568 591 590 1
451 568 569 592 591 1
452 569 570 593 592 1
453 570 571 594 593 1
454 571 572 595 594 1
455 572 573 596 595 1
456 573 81 82 596 1
457 112 574 597 111 1
458 574 575 598 597 1
459 575 576 599 598 1
460 576 577 600 599 1
461 577 578 601 600 1
462 578 579 602 601 1
463 579 580 603 602 1
464 580 581 604 603 1
465 581 582 605 604 1
466 582 583 606 605 1
467 583 584 607 606 1
468 584 585 608 607 1
469 585 586 609 608 1
470 586 587 610 609 1
471 587 588 611 610 1
472 588 589 612 611 1
473 589 590 613 612 1
474 590 591 614 613 1
475 591 592 615 614 1
476 592 593 616 615 1
477 593 594 617 616 1
478 594 595 618 617 1
479 595 596 619 618 1
480 596 82 83 619 1
481 111 597 620 110 1
482 597 598 621 620 1
483 598 599 622 621 1
484 599 600 623 622 1
485 600 601 624 623 1
486 601 602 625 624 1
487 602 603 626 625 1
488 603 604 627 626 1
489 604 605 628 627 1
490 605 606 629 628 1
491 606 607 630 629 1
492 607 608 631 630 1
493 608 609 632 631 1
494 609 610 633 632 1
495 610 611 634 633 1
496 611 612 635 634 1
497 612 613 636 635 1
498 613 614 637 636 1
499 614 615 638 637 1
500 615 616 639 638 1
501 616 617 640 639 1
502 617 618 641 640 1
503 618 619 642 641 1
504 619 83 84 642 1
505 110 620 643 109 1
506 620 621 644 643 1
507 621 622 645 644 1
508 622 623 646 645 1
509 623 624 647 646 1
510 624 625 648 647 1
511 625 626 649 648 1
512 626 627 650 649 1
513 627 628 651 650 1
514 628 629 652 651 1
515 629 630 653 652 1
516 630 631 654 653 1
517 631 632 655 654 1
518 632 633 656 655 1
519 633 634 657 656 1
520 634 635 658 657 1
521 635 636 659 658 1
522 636 637 660 659 1
523 637 638 661 660 1
524 638 639 662 661 1
525 639 640 663 662 1
526 640 641 664 663 1
527 641 642 665 664 1
528 642 84 85 665 1
529 109 643 108 7 1
530 643 644 107 108 1
531 644 645 106 107 1
532 645 646 105 106 1
533 646 647 104 105 1
534 647 648 103 104 1
535 648 649 102 103 1
536 649 650 101 102 1
537 650 651 100 101 1
538 651 652 99 100 1
539 652 653 98 99 1
540 653 654 97 98 1
541 654 655 96 97 1
542 655 656 95 96 1
543 656 657 94 95 1
544 657 658 93 94 1
545 658 659 92 93 1
546 659 660 91 92 1
547 660 661 90 91 1
548 661 662 89 90 1
549 662 663 88 89 1
550 663 664 87 88 1
551 664 665 86 87 1
552 665 85 6 86 1
553 8 120 666 162 1
554 120 121 667 666 1
555 121 122 668 667 1
556 122 123 669 668 1
557 123 124 670 669 1
558 124 125 671 670 1
559 125 126 672 671 1
560 126 127 673 672 1
561 127 128 674 673 1
562 128 129 675 674 1
563 129 130 676 675 1
564 130 131 677 676 1
565 131 132 678 677 1
566 132 133 679 678 1
567 133 134 680 679 1
568 134 135 681 680 1
569 135 136 682 681 1
570 136 137 683 682 1
571 137 138 684 683 1
572 138 139 685 684 1
573 139 140 686 685 1
574 140 141 687 686 1
575 141 142 688 687 1
576 142 9 143 688 1
577 162 666 689 161 1
578 666 667 690 689 1
579 667 668 691 690 1
580 668 669 692 691 1
581 669 670 693 692 1
582 670 671 694 693 1
583 671 672 695 694 1
584 672 673 696 695 1
585 673 674 697 696 1
586 674 675 698 697 1
587 675 676 699 698 1
588 676 677 700 699 1
589 677 678 701 700 1
590 678 679 702 701 1
591 679 680 703 702 1
592 680 681 704 703 1
593 681 682 705 704 1
594 682 683 706 705 1
595 683 684 707 706 1
596 684 685 708 707 1
597 685 686 709 708 1
598 686 687 710 709 1
599 687 688 711 710 1
600 688 143 144 711 1
601 161 689 712 160 1
602 689 690 713 712 1
603 690 691 714 713 1
604 691 692 715 714 1
605 692 693 716 715 1
606 693 694 717 716 1
607 694 695 718 717 1
608 695 696 719 718 1
609 696 697 720 719 1
610 697 698 721 720 1
611 698 699 722 721 1
612 699 700 723 722 1
613 700 701 724 723 1
614 701 702 725 724 1
615 702 703 726 725 1
616 703 704 727 726 1
617 704 705 728 727 1
618 705 706 729 728 1
619 706 707 730 729 1
620 707 708 731 730 1
621 708 709 732 731 1
622 709 710 733 732 1
623 710 711 734 733 1
624 711 144 145 734 1
625 160 712 735 159 1
626 712 713 736 735 1
627 713 714 737 736 1
628 714 715 738 737 1
629 715 716 739 738 1
630 716 717 740 739 1
631 717 718 741 740 1
632 718 719 742 741 1
633 719 720 743 742 1
634 720 721 744 743 1
635 721 722 745 744 1
636 722 723 746 745 1
637 723 724 747 746 1
638 724 725 748 747 1
639 725 726 749 748 1
640 726 727 750 749 1
641 727 728 751 750 1
642 728 729 752 751 1
643 729 730 753 752 1
644 730 731 754 753 1
645 731 732 755 754 1
646 732 733 756 755 1
647 733 734 757 756 1
648 734 145 146 757 1
649 159 735 758 158 1
650 735 736 759 758 1
651 736 737 760 759 1
652 737 738 761 760 1
653 738 739 762 761 1
654 739 740 763 762 1
655 740 741 764 763 1
656 741 742 765 764 1
657 742 743 766 765 1
658 743 744 767 766 1
659 744 745 768 767 1
660 745 746 769 768 1
661 746 747 770 769 1
662 747 748 771 770 1
663 748 749 772 771 1
664 749 750 773 772 1
665 750 751 774 773 1
666 751 752 775 774 1
667 752 753 776 775 1
668 753 754 777 776 1
669 754 755 778 777 1
670 755 756 779 778 1
671 756 757 780 779 1
672 757 146 147 780 1
673 158 758 781 157 1
674 758 759 782 781 1
675 759 760 783 782 1
676 760 761 784 783 1
677 761 762 785 784 1
678 762 763 786 785 1
679 763 764 787 786 1
680 764 765 788 787 1
681 765 766 789 788 1
682 766 767 790 789 1
683 767 768 791 790 1
684 768 769 792 791 1
685 769 770 793 792 1
686 770 771 794 793 1
687 771 772 795 794 1
688 772 773 796 795 1
689 773 774 797 796 1
690 774 775 798 797 1
691 775 776 799 798 1
692 776 777 800 799 1
693 777 778 801 800 1
694 778 779 802 801 1
695 779 780 803 802 1
696 780 147 148 803 1
697 157 781 804 156 1
698 781 782 805 804 1
699 782 783 806 805 1
700 783 784 807 806 1
701 784 785 808 807 1
702 785 786 809 808 1
703 786 787 810 809 1
704 787 788 811 810 1
705 788 789 812 811 1
706 789 790 813 812 1
707 790 791 814 813 1
708 791 792 815 814 1
709 792 793 816 815 1
710 793 794 817 816 1
711 794 795 818 817 1
712 795 796 819 818 1
713 796 797 820 819 1
714 797 798 821 820 1
715 798 799 822 821 1
716 799 800 823 822 1
717 800 801 824 823 1
718 801 802 825 824 1
719 802 803 826 825 1
720 803 148 149 826 1
721 156 804 827 155 1
722 804 805 828 827 1
723 805 806 829 828 1
724 806 807 830 829 1
725 807 808 831 830 1
726 808 809 832 831 1
727 809 810 833 832 1
728 810 811 834 833 1
729 811 812 835 834 1
730 812 813 836 835 1
731 813 814 837 836 1
732 814 815 838 837 1
733 815 816 839 838 1
734 816 817 840 839 1
735 817 818 841 840 1
736 818 819 842 841 1
737 819 820 843 842 1
738 820 821 844 843 1
739 821 822 845 844 1
740 822 823 846 845 1
741 823 824 847 846 1
742 824 825 848 847 1
743 825 826 849 848 1
744 826 149 150 849 1
745 155 827 850 154 1
746 827 828 851 850 1
747 828 829 852 851 1
748 829 830 853 852 1
749 830 831 854 853 1
750 831 832 855 854 1
751 832 833 856 855 1
752 833 834 857 856 1
753 834 835 858 857 1
754 835 836 859 858 1
755 836 837 860 859 1
756 837 838 861 860 1
757 838 839 862 861 1
758 839 840 863 862 1
759 840 841 864 863 1
760 841 842 865 864 1
761 842 843 866 865 1
762 843 844 867 866 1
763 844 845 868 867 1
764 845 846 869 868 1
765 846 847 870 869 1
766 847 848 871 870 1
767 848 849 872 871 1
768 849 150 151 872 1
769 154 850 873 153 1
770 850 851 874 873 1
771 851 852 875 874 1
772 852 853 876 875 1
773 853 854 877 876 1
774 854 855 878 877 1
775 855 856 879 878 1
776 856 857 880 879 1
777 857 858 881 880 1
778 858 859 882 881 1
779 859 860 883 882 1
780 860 861 884 883 1
781 861 862 885 884 1
782 862 863 886 885 1
783 863 864 887 886 1
784 864 865 888 887 1
785 865 866 889 888 1
786 866 867 890 889 1
787 867 868 891 890 1
788 868 869 892 891 1
789 869 870 893 892 1
790 870 871 894 893 1
791 871 872 895 894 1
792 872 151 152 895 1
793 153 873 43 3 1
794 873 874 44 43 1
795 874 875 45 44 1
796 875 876 46 45 1
797 876 877 47 46 1
798 877 878 48 47 1
799 878 879 49 48 1
800 879 880 50 49 1
801 880 881 51 50 1
802 881 882 52 51 1
803 882 883 53 52 1
804 883 884 54 53 1
805 884 885 55 54 1
806 885 886 56 55 1
807 886 887 57 56 1
808 887 888 58 57 1
809 888 889 59 58 1
810 889 890 60 59 1
811 890 891 61 60 1
812 891 892 62 61 1
813 892 893 63 62 1
814 893 894 64 63 1
815 894 895 65 64 1
816 895 152 4 65 1
817 9 142 896 182 1
818 142 141 897 896 1
819 141 140 898 897 1
820 140 139 899 898 1
821 139 138 900 899 1
822 138 137 901 900 1
823 137 136 902 901 1
824 136 135 903 902 1
825 135 134 904 903 1
826 134 133 905 904 1
827 133 132 906 905 1
828 132 131 907 906 1
829 131 130 908 907 1
830 130 129 909 908 1
831 129 128 910 909 1
832 128 127 911 910 1
833 127 126 912 911 1
834 126 125 913 912 1
835 125 124 914 913 1
836 124 123 915 914 1
837 123 122 916 915 1
838 122 121 917 916 1
839 121 120 918 917 1
840 120 8 163 918 1
841 182 896 919 181 1
842 896 897 920 919 1
843 897 898 921 920 1
844 898 899 922 921 1
845 899 900 923 922 1
846 900 901 924 923 1
847 901 902 925 924 1
848 902 903 926 925 1
849 903 904 927 926 1
850 904 905 928 927 1
851 905 906 929 928 1
852 906 907 930 929 1
853 907 908 931 930 1
854 908 909 932 931 1
855 909 910 933 932 1
856 910 911 934 933 1
857 911 912 935 934 1
858 912 913 936 935 1
859 913 914 937 936 1
860 914 915 938 937 1
861 915 916 939 938 1
862 916 917 940 939 1
863 917 918 941 940 1
864 918 163 164 941 1
865 181 919 942 180 1
866 919 920 943 942 1
867 920 921 944 943 1
868 921 922 945 944 1
869 922 923 946 945 1
870 923 924 947 946 1
871 924 925 948 947 1
872 925 926 949 948 1
873 926 927 950 949 1
874 927 928 951 950 1
875 928 929 952 951 1
876 929 930 953 952 1
877 930 931 954 953 1
878 931 932 955 954 1
879 932 933 956 955 1
880 933 934 957 956 1
881 934 935 958 957 1
882 935 936 959 958 1
883 936 937 960 959 1
884 937 938 961 960 1
885 938 939 962 961 1
886 939 940 963 962 1
887 940 941 964 963 1
888 941 164 165 964 1
889 180 942 965 179 1
890 942 943 966 965 1
891 943 944 967 966 1
892 944 945 968 967 1
893 945 946 969 968 1
894 946 947 970 969 1
895 947 948 971 970 1
896 948 949 972 971 1
897 949 950 973 972 1
898 950 951 974 973 1
899 951 952 975 974 1
900 952 953 976 975 1
901 953 954 977 976 1
902 954 955 978 977 1
903 955 956 979 978 1
904 956 957 980 979 1
905 957 958 981 980 1
906 958 959 982 981 1
907 959 960 983 982 1
908 960 961 984 983 1
909 961 962 985 984 1
910 962 963 986 985 1
911 963 964 987 986 1
912 964 165 166 987 1
913 179 965 988 178 1
914 965 966 989 988 1
915 966 967 990 989 1
916 967 968 991 990 1
917 968 969 992 991 1
918 969 970 993 992 1
919 970 971 994 993 1
920 971 972 995 994 1
921 972 973 996 995 1
922 973 974 997 996 1
923 974 975 998 997 1
924 975 976 999 998 1
925 976 977 1000 999 1
926 977 978 1001 1000 1
927 978 979 1002 1001 1
928 979 980 1003 1002 1
929 980 981 1004 1003 1
930 981 982 1005 1004 1
931 982 983 1006 1005 1
932 983 984 1007 1006 1
933 984 985 1008 1007 1
934 985 986 1009 1008 1
935 986 987 1010 1009 1
936 987 166 167 1010 1
937 178 988 1011 177 1
938 988 989 1012 1011 1
939 989 990 1013 1012 1
940 990 991 1014 1013 1
941 991 992 1015 1014 1
942 992 993 1016 1015 1
943 993 994 1017 1016 1
944 994 995 1018 1017 1
945 995 996 1019 1018 1
946 996 997 1020 1019 1
947 997 998 1021 1020 1
948 998 999 1022 1021 1
949 999 1000 1023 1022 1
950 1000 1001 1024 1023 1
951 1001 1002 1025 1024 1
952 1002 1003 1026 1025 1
953 1003 1004 1027 1026 1
954 1004 1005 1028 1027 1
955 1005 1006 1029 1028 1
956 1006 1007 1030 1029 1
957 1007 1008 1031 1030 1
958 1008 1009 1032 1031 1
959 1009 1010 1033 1032 1
960 1010 167 168 1033 1
961 177 1011 1034 176 1
962 1011 1012 1035 1034 1
963 1012 1013 1036 1035 1
964 1013 1014 1037 1036 1
965 1014 1015 1038 1037 1
966 1015 1016 1039 1038 1
967 1016 1017 1040 1039 1
968 1017 1018 1041 1040 1
969 1018 1019 1042 1041 1
970 1019 1020 1043 1042 1
971 1020 1021 1044 1043 1
972 1021 1022 1045 1044 1
973 1022 1023 1046 1045 1
974 1023 1024 1047 1046 1
975 1024 1025 1048 1047 1
976 1025 1026 1049 1048 1
977 1026 1027 1050 1049 1
978 1027 1028 1051 1050 1
979 1028 1029 1052 1051 1
980 1029 1030 1053 1052 1
981 1030 1031 1054 1053 1
982 1031 1032 1055 1054 1
983 1032 1033 1056 1055 1
984 1033 168 169 1056 1
985 176 1034 1057 175 1
986 1034 1035 1058 1057 1
987 1035 1036 1059 1058 1
988 1036 1037 1060 1059 1
989 1037 1038 1061 1060 1
990 1038 1039 1062 1061 1
991 1039 1040 1063 1062 1
992 1040 1041 1064 1063 1
993 1041 1042 1065 1064 1
994 1042 1043 1066 1065 1
995 1043 1044 1067 1066 1
996 1044 1045 1068 1067 1
997 1045 1046 1069 1068 1
998 1046 1047 1070 1069 1
999 1047 1048 1071 1070 1
1000 1048 1049 1072 1071 1
1001 1049 1050 1073 1072 1
1002 1050 1051 1074 1073 1
1003 1051 1052 1075 1074 1
1004 1052 1053 1076 1075 1
1005 1053 1054 1077 1076 1
1006 1054 1055 1078 1077 1
1007 1055 1056 1079 1078 1
1008 1056 169 170 1079 1
1009 175 1057 1080 174 1
1010 1057 1058 1081 1080 1
1011 1058 1059 1082 1081 1
1012 1059 1060 1083 1082 1
1013 1060 1061 1084 1083 1
1014 1061 1062 1085 1084 1
1015 1062 1063 1086 1085 1
1016 1063 1064 1087 1086 1
1017 1064 1065 1088 1087 1
1018 1065 1066 1089 1088 1
1019 1066 1067 1090 1089 1
1020 1067 1068 1091 1090 1
1021 1068 1069 1092 1091 1
1022 1069 1070 1093 1092 1
1023 1070 1071 1094 1093 1
1024 1071 1072 1095 1094 1
1025 1072 1073 1096 1095 1
1026 1073 1074 1097 1096 1
1027 1074 1075 1098 1097 1
1028 1075 1076 1099 1098 1
1029 1076 1077 1100 1099 1
1030 1077 1078 1101 1100 1
1031 1078 1079 1102 1101 1
1032 1079 170 171 1102 1
1033 174 1080 1103 173 1
1034 1080 1081 1104 1103 1
1035 1081 1082 1105 1104 1
1036 1082 1083 1106 1105 1
1037 1083 1084 1107 1106 1
1038 1084 1085 1108 1107 1
1039 1085 1086 1109 1108 1
1040 1086 1087 1110 1109 1
1041 1087 1088 1111 1110 1
1042 1088 1089 1112 1111 1
1043 1089 1090 1113 1112 1
1044 1090 1091 1114 1113 1
1045 1091 1092 1115 1114 1
1046 1092 1093 1116 1115 1
1047 1093 1094 1117 1116 1
1048 1094 1095 1118 1117 1
1049 1095 1096 1119 1118 1
1050 1096 1097 1120 1119 1
1051 1097 1098 1121 1120 1
1052 1098 1099 1122 1121 1
1053 1099 1100 1123 1122 1
1054 1100 1101 1124 1123 1
1055 1101 1102 1125 1124 1
1056 1102 171 172 1125 1
1057 173 1103 86 6 1
1058 1103 1104 87 86 1
1059 1104 1105 88 87 1
1060 1105 1106 89 88 1
1061 1106 1107 90 89 1
1062 1107 1108 91 90 1
1063 1108 1109 92 91 1
1064 1109 1110 93 92 1
1065 1110 1111 94 93 1
1066 1111 1112 95 94 1
1067 1112 1113 96 95 1
1068 1113 1114 97 96 1
1069 1114 1115 98 97 1
1070 1115 1116 99 98 1
1071 1116 1117 100 99 1
1072 1117 1118 101 100 1
1073 1118 1119 102 101 1
1074 1119 1120 103 102 1
1075 1120 1121 104 103 1
1076 1121 1122 105 104 1
1077 1122 1123 106 105 1
1078 1123 1124 107 106 1
1079 1124 1125 108 107 1
1080 1125 172 7 108 1
*CLOAD
0
*PREDISPLACEMENT
0
*SLOAD
12
265 4 1 100.0
289 4 1 100.0
313 4 1 100.0
337 4 1 100.0
361 4 1 100.0
385 4 1 100.0
409 4 1 100.0
433 4 1 100.0
457 4 1 100.0
481 4 1 100.0
505 4 1 100.0
529 4 1 100.0
